1031
143
1970
193
4129
138
1504
2582
4204
376
9054
479
125094
43071
6818
6824
1586
333
7405
874
101
4706
250
2476
2599
209
2839
1312
3246
109
663
474
4644
1473
2519
1270
888
3825
20956
1223
5132
187
2806
389
291
148
4362
8799
898
994
882
2844
739
1480
5985
1003
8095
1788
1873
388
745
183
2331
819
1979
902
324
10270
1053
243
32782
77617
1826
1232
638
5092
88
224
3192
6651
1417
1227
342
12730
1520
429
1773
1212
897
4255
3164
1687
1687
7655
1157
9822
598
5066
4679
731
415
9899
363
2248
8284
3938
682
2136
410
1304
1411
143
1972
188
13176
5074
145
351
52
2339
8204
9652
1719
8801
22203
416
7925
1029
3973
158
109
135
8190
6480
1527
316
174
3232
983
5
1247
728
4283
22172
220
4196
270
58
33449
2910
805
139
1629
896
1100
3073
6023
404
4413
567
1516
5065
189
725
5868
2018
6794
433
1311
110
129
2428
94
422
13320
1107
620
5333
8822
10126
2449
714
617
729
6823
736
9255
2135
1817
2494
393
3502
5409
4611
6120
315
2346
694
5937
569
282
1501
1596
528
2532
289
987
2689
4176
1275
4218
10608
244
794
344
544
747
674
676
2617
706
3763
2601
5997
2629
101
4517
8025
1947
8242
8352
1571
37
2176
7399
1185
181
990
1465
1227
365
14118
2549
5134
5067
454
152
1109
1554
810
748
1065
3155
2686
2018
30341
4583
1877
926
555
245
8838
179
593
1835
298
3353
8973
2432
3056
1641
4735
4925
199
261
327
747
201
1374
11943
1349
1804
1085
940
7496
1391
608
11672
1870
2455
295
13693
93511
414
3348
1699
1756
752
5514
887
1160
1854
536
180
1016
251
4197
473
492
504
1522
372
4039
1270
6731
2812
356
1758
6263
107
4231
4809
179
5234
3870
115
269
5991
15165
533
429
556
1471
3822
2841
1715
100
973
1508
417
2323
204
8558
579
2959
1311
70
4352
251
369
205
123
7168
575
2119
927
764
352
741
624
4224
21
485
257
14715
4811
5536
7856
794
2770
1160
4471
16548
925
50183
802
251
2800
1196
8243
3487
1232
473
82
29993
1254
6126
16077
347
2728
5538
1714
2887
102
4469
1903
127
615
305
187
1161
753
667
1338
2133
979
4529
307
6930
501
521
854
14205
390
1800
3299
541
3835
950
188
1818
576
8641
109
243
654
12301
4704
673
2135
4115
4488
4545
2359
18091
1641
557
3538
169
2991
6108
13323
288
3923
1089
673
699
2718
4164
361
1452
2887
57453
136
222
494
1628
1491
18935
11070
4159
314
4244
7963
4261
142
561
690
26473
2116
1944
1137
5272
4711
178
288
379
5331
569
8467
2294
232
1488
865
907
947
9693
245
4820
966
8583
466
1442
416
584
1190
11585
2722
1866
443
2470
883
1141
2029
290
478
17334
5767
3101
3238
339
360
319
3509
3423
2788
5012
312
3539
374
3152
411
2433
393
2963
405
554
198
241
1430
1841
2674
3205
2407
1752
12680
9634
458
5846
1955
1495
327
2038
1315
365
9593
2383
916
522
3462
829
1067
1123
1203
281
2536
693
9180
1472
827
3290
387
984
6529
4386
549
2914
5504
6764
4108
485
28259
1574
1553
4699
1276
5946
9721
2754
2017
90
5666
190
2020
832
8323
3302
3232
4184
3071
2267
2998
1361
2417
10500
20724
3102
10607
2467
4487
5988
1479
3350
253
491
136
1350
793
962
5551
2814
126
78
368
21532
125
224
7578
2027
503
663
5087
324
5732
2632
11979
185
803
55
1883
191
1059
1499
252
233
822
2297
194
2262
1388
51
2106
692
35795
10323
1234
1842
4202
2939
1289
4051
3496
808
3860
3418
2244
5880
672
1445
555
6677
36
3295
9459
780
8572
5377
478
446
213
3000
1022
130
5845
894
5636
7730
969
690
3934
2299
417
624
1694
1637
3465
3261
429
2513
367
4000
658
9192
1658
412
175
1567258
2740
19354
634
291
2055
3022
302898
7614
437
8399
197
833
26662
252
5751
1127
628
2411
2087
1807
279
227
484
582
800
3613
23377
13338
895
236
1098
6366
5636
9271
2843
258
138
427
1843
94858
2488
6485
1055
2508
406
1498
1345
3962
7126
843
929
722
2023
2333
2137
3405
373
2618
837
384
707
1562
1011
174
430
449
1129
4920
818
778
859
2753
75
1888
12520
334
697
248
307
766
641
621
1398
715
5429
731
325
5248
1288
4357
75848
5693
4526
2867
27
478
404
3814
837
698
78
6838
1635
193
12952
5953
3102
4189
148
100
4238
629
5458
1088
5529
438
156
1652
137
1354
3844
799
4270
4259
676
3591
1403
55
812
337
662
18
322
5959
7246
480
1682
1878
931
2122
378
2012
638
404
1072
2187
6205
274
1078
371
3495
3313
2384
173
40745
6246
2178
199
420
912
937
295
3101
530
5888
4719
546
997
472
504
3139
9587
1343
554
6494
8392
5019
1098
214
6911
4233
1369
6251
4899
1346
251
621
455
437
4069
616
142
606
422
5195
2036
2785
1427
322
3263
1954
4008
1679
229
1246
900
2256
1753
311
669
4987
214
5363
597
2887
219
9689
264
3035
237
182
696
7
403
4990
721
207
2426
1442
407
125
503
294
2093
548
9187
532
13483
202
1455
2225
346
1297
11027
3809
2555
413
211
3441
298
2773
3170
974
19531
1493
1223
390
1102
2798
5172
1824
1171
1249
325
1171
805
109
19140
4901
2621
351
4640
4543
179
6512
2648
5078
575
1150
14785
1173
7434
44261
13981
1207
27403
1299
1738
205
8156
3875
3614
1348
604
2880
285
138
3082
583
72
2248
612
3116
11127
2581
639
12140
1054
44845
235
691
689
247
1689
2928
3817